36
SET 1004 1005 10
SET 1004 1005 46
SET 1004 1005 87
SET 1004 1005 30
SET 1004 1005 77
SET 1004 1005 67
SET 1004 1005 80
SET 1004 1005 27
SET 1004 1003 13
SET 1003 1001 33
SET 1005 1002 16
SET 1004 1005 67
SET 1004 1005 36
SET 1003 1001 70
SET 1004 1003 23
GET 1003 1001
GET 1005 1002
SET 1000 1000 12
GET 1004 1005
GET 1004 1003
GET 1004 1003
GET 1003 1001
GET 1000 1000
SET 1004 1003 40
SET 1000 1000 42
GET 1003 1001
SET 1003 1001 93
SET 1005 1000 36
SET 1004 1003 74
SET 1004 1005 32
GET 1004 1005
GET 1004 1003
GET 1000 1000
GET 1003 1001
GET 1005 1002
GET 1005 1000